25 25 200
1111111111111111111111111
1010000000100010001000001
1011101110101111101011111
1010101010000000101010001
1010101011111011101011101
1000000000100000101000001
1011101011101010101110101
1010101000101010000010101
1110111110111011111010101
1000001010101010001000101
1111101010101011101110111
1010000000101010000000101
1010111110101111101111101
1000100000000000101010001
1011101110101110111011101
1000101000101010100000101
1111101110101011101111101
1000101010100010100000001
1010111011101110101111101
1010000000000000001000101
1011111011101111101010101
1010100000101010001010001
1010101011101011101011101
10001R1000100010001010001
1111111111111111111111111
