21 38 153
11111111111111111111111111111111111111
10000000000000000000000000000000000001
10011000000000000111111111111111111001
10011000000000000110000000000000000001
10011000000000000110000000000000000001
10011000000000000110000000000000000001
10011000000000000110000000000000000001
10011000000000000110000000000000000001
10011000000000000110000000000000000001
10011000000000000110000000000000000001
10011111111111111111111111111111111001
10000000000000000110000000000000011001
10000000000000000110000000000000011001
100000000R0000000110000000000000011001
10000000000000000110000000000000011001
10000000000000000110000000000000011001
10000000000000000110000000000000011001
10000000000000000110000000000000011001
10011111111111111110000000000000011001
10000000000000000000000000000000011001
11111111111111111111111111111111111111
